
══ x_norm sparsity (% zero cells) ══
  layer     min     p10     p50     p90     max      frac≥92.0%
      0    0.00    0.00    0.00    0.04    0.04      0 / 56   
      1    0.00    0.00    0.00    0.04    0.08      0 / 56   
      2    0.00    0.00    0.00    0.04    0.08      0 / 56   
      3    0.00    0.00    0.00    0.04    0.08      0 / 56   
      4    0.00    0.00    0.00    0.02    0.08      0 / 56   
      5    0.00    0.00    0.00    0.04    0.12      0 / 56   
      6    0.00    0.00    0.00    0.04    0.23      0 / 56   
      7    0.00    0.00    0.00    0.04    0.04      0 / 56   
      8    0.00    0.00    0.00    0.04    0.04      0 / 56   
      9    0.00    0.00    0.00    0.04    0.12      0 / 56   
     10    0.00    0.00    0.00    0.04    0.16      0 / 56   
     11    0.00    0.00    0.00    0.04    0.08      0 / 56   
     12    0.00    0.00    0.00    0.04    0.08      0 / 56   
     13    0.00    0.00    0.00    0.04    0.08      0 / 56   
     14    0.00    0.00    0.00    0.04    0.04      0 / 56   
     15    0.00    0.00    0.00    0.04    0.12      0 / 56   
     16    0.00    0.00    0.00    0.04    0.08      0 / 56   
     17    0.00    0.00    0.00    0.04    0.08      0 / 56   
     18    0.00    0.00    0.00    0.04    0.08      0 / 56   
     19    0.00    0.00    0.00    0.04    0.08      0 / 56   
     20    0.00    0.00    0.00    0.04    0.08      0 / 56   
     21    0.00    0.00    0.00    0.04    0.12      0 / 56   
     22    0.00    0.00    0.00    0.04    0.12      0 / 56   
     23    0.00    0.00    0.00    0.04    0.08      0 / 56   
     24    0.00    0.00    0.00    0.04    0.08      0 / 56   
     25    0.00    0.00    0.00    0.04    0.08      0 / 56   
     26    0.00    0.00    0.00    0.04    0.04      0 / 56   
     27    0.00    0.00    0.00    0.04    0.08      0 / 56   
     28    0.00    0.00    0.00    0.04    0.08      0 / 56   
     29    0.00    0.00    0.00    0.04    0.08      0 / 56   

  Across all (layer, position, prompt): min 0.00%, median 0.00%, max 0.23%
  Pairs ≥ 92.0%: 0 / 1680 (0.0%)

══ attn_sub_norm sparsity (% zero cells) ══
  layer     min     p10     p50     p90     max      frac≥92.0%
      0   11.02   11.80   13.18   13.89   14.26      0 / 56   
      1    3.01    3.03    3.12    3.28    3.36      0 / 56   
      2    0.00    0.00    0.00    0.12    0.16      0 / 56   
      3    0.16    0.16    0.20    0.27    0.39      0 / 56   
      4    0.00    0.00    0.00    0.04    0.08      0 / 56   
      5    0.04    0.08    0.12    0.21    0.47      0 / 56   
      6    0.00    0.00    0.00    0.04    0.08      0 / 56   
      7    0.78    0.82    0.86    0.90    1.02      0 / 56   
      8    0.12    0.12    0.20    0.23    0.31      0 / 56   
      9    0.04    0.04    0.08    0.16    0.35      0 / 56   
     10    0.00    0.00    0.00    0.06    0.16      0 / 56   
     11    0.00    0.00    0.00    0.08    0.16      0 / 56   
     12    0.00    0.00    0.00    0.02    0.16      0 / 56   
     13    0.00    0.00    0.00    0.08    0.16      0 / 56   
     14    0.31    0.31    0.33    0.47    0.62      0 / 56   
     15    0.00    0.00    0.00    0.06    0.31      0 / 56   
     16    0.00    0.00    0.00    0.04    0.16      0 / 56   
     17    0.00    0.00    0.00    0.04    0.16      0 / 56   
     18    0.00    0.00    0.00    0.04    0.16      0 / 56   
     19    0.08    0.08    0.08    0.12    0.23      0 / 56   
     20    0.04    0.04    0.04    0.08    0.20      0 / 56   
     21    0.00    0.00    0.00    0.00    0.04      0 / 56   
     22    0.04    0.04    0.04    0.08    0.20      0 / 56   
     23    0.08    0.08    0.08    0.12    0.23      0 / 56   
     24    0.04    0.04    0.04    0.08    0.20      0 / 56   
     25    0.00    0.00    0.00    0.08    0.16      0 / 56   
     26    0.23    0.23    0.23    0.27    0.55      0 / 56   
     27    0.04    0.04    0.04    0.12    0.20      0 / 56   
     28    0.39    0.39    0.39    0.43    0.55      0 / 56   
     29   23.95   23.98   23.98   24.02   24.14      0 / 56   

  Across all (layer, position, prompt): min 0.00%, median 0.04%, max 24.14%
  Pairs ≥ 92.0%: 0 / 1680 (0.0%)

══ ffn_sub_norm sparsity (% zero cells) ══
  layer     min     p10     p50     p90     max      frac≥92.0%
      0   14.81   20.55   39.38   63.51   79.88      0 / 56   
      1   61.37   68.29   73.85   78.80   82.28      0 / 56   
      2   31.96   63.36   73.61   83.17   87.49      0 / 56   
      3   20.27   26.02   66.23   75.15   77.40      0 / 56   
      4   15.60   18.99   65.59   69.70   75.59      0 / 56   
      5   14.87   21.49   67.32   70.45   72.50      0 / 56   
      6   13.06   31.81   71.80   75.79   78.62      0 / 56   
      7   19.18   35.77   70.59   74.69   75.75      0 / 56   
      8   27.95   33.29   63.93   67.69   69.66      0 / 56   
      9   37.40   40.17   57.90   60.39   62.76      0 / 56   
     10   41.02   42.92   52.09   54.51   59.90      0 / 56   
     11   41.02   44.36   47.09   50.06   52.50      0 / 56   
     12   42.22   43.23   45.99   49.62   52.68      0 / 56   
     13   40.99   42.78   46.01   49.65   53.91      0 / 56   
     14   36.79   38.57   42.49   49.08   50.98      0 / 56   
     15   32.52   36.96   41.57   45.78   48.13      0 / 56   
     16   38.22   41.72   46.88   52.00   54.25      0 / 56   
     17   41.33   45.80   51.90   57.91   59.84      0 / 56   
     18   46.66   49.28   54.49   60.53   62.82      0 / 56   
     19   49.23   50.70   55.84   59.85   62.86      0 / 56   
     20   52.88   55.17   60.03   64.93   68.97      0 / 56   
     21   55.01   58.27   64.84   70.11   73.13      0 / 56   
     22   53.37   54.60   61.23   65.51   70.23      0 / 56   
     23   56.35   57.42   63.73   68.33   73.57      0 / 56   
     24   57.02   59.50   63.00   68.04   72.29      0 / 56   
     25   55.58   57.28   62.31   66.67   70.46      0 / 56   
     26   55.99   58.19   61.91   66.32   73.42      0 / 56   
     27   54.75   55.90   60.96   65.62   73.90      0 / 56   
     28   47.73   52.80   58.56   62.73   65.26      0 / 56   
     29   33.84   43.55   53.20   59.79   64.73      0 / 56   

  Across all (layer, position, prompt): min 13.06%, median 58.26%, max 87.49%
  Pairs ≥ 92.0%: 0 / 1680 (0.0%)

Summary: 8 prompt(s), 9 position(s), 30 layer(s)
